Error rate by word: 0.05294513547872473 (2124 errors out of 40117)
Error rate by sentence: 0.6511764705882352 (1107 errors out of 1700)
Classification Report 
              precision    recall  f1-score   support

           #     1.0000    1.0000    1.0000         7
           $     1.0000    1.0000    1.0000       352
          ''     1.0000    0.9860    0.9930       286
           ,     1.0000    1.0000    1.0000      2143
       -LRB-     1.0000    1.0000    1.0000        60
       -RRB-     1.0000    1.0000    1.0000        62
           .     1.0000    1.0000    1.0000      1681
           :     1.0000    1.0000    1.0000       207
          CC     0.9911    0.9980    0.9945      1000
          CD     0.9775    0.9187    0.9472      1845
          DT     0.9968    0.9832    0.9900      3511
          EX     0.9697    1.0000    0.9846        32
          FW     0.0000    0.0000    0.0000         2
          IN     0.9640    0.9786    0.9713      4026
          JJ     0.8371    0.9086    0.8714      2472
         JJR     0.8065    0.9470    0.8711       132
         JJS     0.9310    0.9310    0.9310        87
          LS     0.0000    0.0000    0.0000         6
          MD     0.9913    0.9884    0.9898       344
          NN     0.9498    0.9492    0.9495      5725
         NNP     0.9188    0.9379    0.9283      4043
        NNPS     0.0095    1.0000    0.0189         1
         NNS     0.9779    0.9369    0.9570      2504
         PDT     0.1600    1.0000    0.2759         4
         POS     0.9654    0.9790    0.9722       428
         PRP     0.9935    0.9967    0.9951       612
        PRP$     1.0000    0.9965    0.9983       288
          RB     0.9006    0.8593    0.8795      1308
         RBR     0.9062    0.5524    0.6864       105
         RBS     0.9286    0.6842    0.7879        19
          RP     0.5607    0.7578    0.6445       128
          TO     1.0000    1.0000    1.0000       868
          UH     1.0000    0.2000    0.3333         5
          VB     0.9403    0.9298    0.9350       983
         VBD     0.9496    0.9167    0.9329      1705
         VBG     0.8990    0.8027    0.8482       588
         VBN     0.8191    0.7776    0.7978       850
         VBP     0.9210    0.8886    0.9045       341
         VBZ     0.9456    0.9617    0.9536       705
         WDT     0.9560    0.9613    0.9587       181
          WP     1.0000    1.0000    1.0000        82
         WP$     1.0000    1.0000    1.0000         9
         WRB     1.0000    1.0000    1.0000        88
          ``     1.0000    1.0000    1.0000       292

    accuracy                         0.9471     40117
   macro avg     0.8674    0.8802    0.8478     40117
weighted avg     0.9508    0.9471    0.9484     40117
