Error rate by word: 0.05409178153899843 (2170 errors out of 40117)
Error rate by sentence: 0.6558823529411765 (1115 errors out of 1700)
Classification Report 
              precision    recall  f1-score   support

                 0.0000    0.0000    0.0000         0
           #     1.0000    1.0000    1.0000         7
           $     1.0000    1.0000    1.0000       352
          ''     1.0000    0.9860    0.9930       286
           ,     1.0000    1.0000    1.0000      2143
       -LRB-     1.0000    1.0000    1.0000        60
       -RRB-     1.0000    1.0000    1.0000        62
           .     1.0000    0.9994    0.9997      1681
           :     1.0000    1.0000    1.0000       207
          CC     0.9930    0.9970    0.9950      1000
          CD     0.9781    0.9182    0.9472      1845
          DT     0.9968    0.9826    0.9897      3511
          EX     0.9412    1.0000    0.9697        32
          FW     0.0000    0.0000    0.0000         2
          IN     0.9640    0.9776    0.9708      4026
          JJ     0.8386    0.9057    0.8709      2472
         JJR     0.8054    0.9091    0.8541       132
         JJS     0.9625    0.8851    0.9222        87
          LS     0.5000    0.1667    0.2500         6
          MD     0.9942    0.9884    0.9913       344
          NN     0.9501    0.9485    0.9493      5725
         NNP     0.9187    0.9337    0.9262      4043
        NNPS     0.0086    1.0000    0.0171         1
         NNS     0.9783    0.9361    0.9567      2504
        None     0.0000    0.0000    0.0000         0
         PDT     0.1429    1.0000    0.2500         4
         POS     0.9654    0.9790    0.9722       428
         PRP     0.9935    0.9967    0.9951       612
        PRP$     1.0000    0.9965    0.9983       288
          RB     0.9047    0.8563    0.8798      1308
         RBR     0.8378    0.5905    0.6927       105
         RBS     0.7273    0.8421    0.7805        19
          RP     0.5568    0.7656    0.6447       128
          TO     1.0000    0.9977    0.9988       868
          UH     0.1111    0.2000    0.1429         5
          VB     0.9384    0.9298    0.9341       983
         VBD     0.9495    0.9161    0.9325      1705
         VBG     0.8956    0.8027    0.8466       588
         VBN     0.8201    0.7776    0.7983       850
         VBP     0.9210    0.8886    0.9045       341
         VBZ     0.9456    0.9617    0.9536       705
         WDT     0.9560    0.9613    0.9587       181
          WP     1.0000    1.0000    1.0000        82
         WP$     1.0000    1.0000    1.0000         9
         WRB     1.0000    1.0000    1.0000        88
          ``     1.0000    1.0000    1.0000       292

    accuracy                         0.9459     40117
   macro avg     0.8151    0.8477    0.8106     40117
weighted avg     0.9508    0.9459    0.9479     40117
